10
radius
0.3
0.3
0.3
0.3
0.3
0.3
0.3
0.3
0.3
0.3
position
0.512 2.926 3.197
0.876 2.034 -0.325
2.391 -0.943 1.276
1.649 -0.743 3.412
2.285 1.188 0.657
3.329 1.911 2.067
-0.678 3.061 0.408
1.132 0.246 2.809
2.773 2.111 -0.928
2.010 3.237 1.874
velocity
4 0 -2
-3 -1 2
5 -4 1
3 0 -5
-2 4 -1
-5 2 3
1 -3 0
4 -5 -1
2 -4 3
-1 5 0
angular position
1 1 1
1 1 1
1 1 1
1 1 1
1 1 1
1 1 1
1 1 1
1 1 1
1 1 1
1 1 1
angular velocity
-4 2 0
-3 4 -5
1 -2 3
0 5 -1
2 -4 3
-1 5 0
4 -3 -2
1 0 2
-5 4 -2
3 1 -4

